|====================================================|
| Exam No | BEE Theory | Math Theory | Physics Theory|    BEE:    
|====================================================|      Max : 61
| 1401201 |    041     |     049     |      053      |      Min : 2                    
| 1401202 |    034     |     052     |      051      |      Avg : 45.86
| 1401203 |    057     |     066     |      065      |      Pass: 87
| 1401204 |    051     |     049     |      053      |      Fail: 46
| 1401205 |    048     |     065     |      065      |    MATHS:
| 1401206 |    043     |     050     |      034      |      Max : 66
| 1401207 |    042     |     051     |      040      |      Min : 0
| 1401208 |    039     |     040     |      041      |      Avg : 50.38
| 1401209 |    032     |     038     |      021      |      Pass: 92
| 1401210 |    018     |     038     |      035      |      Fail: 39
| 1401211 |    014     |     016     |      023      |    MATHS:
| 1401212 |    040     |     047     |      049      |      Max : 65
| 1401213 |    008     |     ABS     |      039      |      Min : 0
| 1401214 |    042     |     024     |      031      |      Avg : 49.24
| 1401215 |    032     |     036     |      034      |      Pass: 84
| 1401216 |    035     |     050     |      035      |      Fail: 48
| 1401217 |    042     |     054     |      045      |
| 1401218 |    054     |     055     |      060      |
| 1401219 |    039     |     049     |      045      |
| 1401220 |    050     |     058     |      038      |
| 1401221 |    048     |     061     |      051      |
| 1401222 |    037     |     047     |      037      |
| 1401223 |    016     |     030     |      023      |
| 1401224 |    038     |     062     |      056      |
| 1401225 |    048     |     059     |      050      |
| 1401226 |    049     |     064     |      056      |
| 1401227 |    055     |     064     |      064      |
| 1401228 |    040     |     054     |      035      |
| 1401229 |    041     |     052     |      042      |
| 1401230 |    032     |     047     |      030      |
| 1401231 |    037     |     037     |      024      |
| 1401232 |    032     |     047     |      057      |
| 1401233 |    014     |     016     |      000      |
| 1401234 |    032     |     030     |      015      |
| 1401235 |    032     |     044     |      036      |
| 1401237 |    028     |     033     |      019      |
| 1401238 |    044     |     051     |      048      |
| 1401239 |    012     |     022     |      025      |
| 1401240 |    035     |     048     |      045      |
| 1401242 |    025     |     035     |      046      |
| 1401243 |    032     |     030     |      036      |
| 1401244 |    032     |     037     |      036      |
| 1401245 |    010     |     022     |      007      |
| 1401246 |    045     |     055     |      058      |
| 1401247 |    006     |     018     |      000      |
| 1401248 |    047     |     041     |      047      |
| 1401249 |    002     |     015     |      017      |
| 1401250 |    043     |     054     |      055      |
| 1401251 |    039     |     047     |      045      |
| 1401252 |    038     |     038     |      039      |
| 1401253 |    045     |     054     |      043      |
| 1401254 |    034     |     038     |      018      |
| 1401255 |    054     |     042     |      052      |
| 1401256 |    023     |     046     |      002      |
| 1401257 |    021     |     030     |      010      |
| 1401258 |    052     |     046     |      048      |
| 1401260 |    021     |     035     |      017      |
| 1401261 |    028     |     018     |      031      |
| 1401262 |    023     |     016     |      003      |
| 1401263 |    ABS     |     ABS     |      ABS      |
| 1401264 |    033     |     041     |      032      |
| 1401265 |    056     |     060     |      041      |
| 1401266 |    032     |     030     |      034      |
| 1401267 |    020     |     030     |      011      |
| 1401268 |    027     |     037     |      005      |
| 1401269 |    042     |     054     |      050      |
| 1401270 |    034     |     033     |      037      |
| 1401271 |    046     |     039     |      035      |
| 1401272 |    054     |     056     |      040      |
| 1401273 |    034     |     030     |      031      |
| 1401274 |    043     |     033     |      025      |
| 1401275 |    005     |     016     |      031      |
| 1401276 |    042     |     044     |      048      |
| 1401277 |    044     |     040     |      015      |
| 1401278 |    023     |     034     |      023      |
| 1401279 |    008     |     023     |      005      |
| 1401280 |    025     |     012     |      000      |
| 1401281 |    007     |     014     |      051      |
| 1401282 |    032     |     013     |      023      |
| 1401283 |    041     |     042     |      040      |
| 1401284 |    050     |     056     |      054      |
| 1401286 |    034     |     035     |      043      |
| 1401287 |    003     |     000     |      016      |
| 1401288 |    043     |     046     |      037      |
| 1401289 |    004     |     009     |      010      |
| 1401290 |    016     |     ABS     |      ABS      |
| 1401291 |    044     |     039     |      030      |
| 1401292 |    033     |     042     |      037      |
| 1401293 |    052     |     057     |      053      |
| 1401294 |    032     |     034     |      040      |
| 1401295 |    004     |     003     |      007      |
| 1401296 |    061     |     059     |      051      |
| 1401297 |    043     |     059     |      040      |
| 1401298 |    042     |     021     |      010      |
| 1401299 |    059     |     058     |      061      |
| 1401300 |    002     |     000     |      000      |
| 1401301 |    021     |     002     |      009      |
| 1401302 |    002     |     000     |      000      |
| 1401303 |    045     |     045     |      052      |
| 1401304 |    039     |     049     |      045      |
| 1401305 |    032     |     041     |      030      |
| 1401306 |    025     |     030     |      020      |
| 1401307 |    026     |     001     |      015      |
| 1401308 |    015     |     012     |      000      |
| 1401309 |    035     |     031     |      039      |
| 1401310 |    018     |     037     |      023      |
| 1401311 |    054     |     061     |      058      |
| 1401312 |    009     |     044     |      000      |
| 1401313 |    025     |     024     |      040      |
| 1401314 |    047     |     048     |      054      |
| 1401315 |    033     |     021     |      036      |
| 1401316 |    013     |     001     |      019      |
| 1401317 |    032     |     015     |      005      |
| 1401318 |    044     |     048     |      052      |
| 1401319 |    013     |     019     |      018      |
| 1401320 |    039     |     059     |      052      |
| 1401321 |    022     |     045     |      047      |
| 1401322 |    044     |     056     |      058      |
| 1401323 |    049     |     047     |      049      |
| 1401324 |    002     |     018     |      026      |
| 1401325 |    042     |     046     |      030      |
| 1401326 |    032     |     055     |      033      |
| 1401328 |    024     |     036     |      032      |
| 1401329 |    039     |     059     |      045      |
| 1401330 |    007     |     000     |      000      |
| 1401331 |    032     |     047     |      039      |
| 1401332 |    032     |     047     |      042      |
| 1401333 |    038     |     053     |      031      |
| 1401334 |    018     |     018     |      006      |
| 1401335 |    022     |     040     |      016      |
| 1401336 |    032     |     049     |      040      |
| 1401338 |    026     |     042     |      041      |
| 1401339 |    035     |     057     |      031      |
| 1401340 |    022     |     045     |      009      |
|====================================================|
